Precision: 0.2009910188912976
Recall: 1.0
F1-score: 0.33470861268695207
