Precision: 0.8947368421052632
Recall: 0.24926686217008798
F1-score: 0.389908256880734
