Precision: 0.19688221709006928
Recall: 1.0
F1-score: 0.3289917993246503
