Precision: 0.8060453400503779
Recall: 0.9384164222873901
F1-score: 0.8672086720867209
