Precision: 0.812760055478502
Recall: 0.9029275808936826
F1-score: 0.8554744525547445
