Precision: 0.7877237851662404
Recall: 0.9032258064516129
F1-score: 0.8415300546448087
